2554
4715
2554
706
20592
9806
707
2098
11153
1703
12590
17169
4014
6133
4017
1563
13058
7896
17866
6382
19706
19142
1182
1159
18613
15323
17959
173
7873
2126
1183
5697
2028
611
558
559
560
11617
78
6532
2020
8768
1401
8767
90
8754
92
8755
106
8758
85
8753
8761
1184
1257
1259
2609
2681
2710
2759
10743
30324
2166
711
2728
5745
5174
2727
5746
1724
2713
1690
1711
2841
5746
3155
5228
5745
6769
95
1145
2226
2225
215
19678
910
15
10551
10422
18970
5241
5606
4400
5194
11357
6066
19307
5153
5315
6751
60
5805
2785
1752
1947
1965
848
421
589
103
3526
35545
24450
25803
27525
24920
2147
2852
2147
2147
2148
807
9712
155
15579
3802
1651
3803
2451
2736
8650
8719
4071
4002
305
547
4604
15107
3336
11588
18302
1748
16339
11451
4047
1167
17763
18761
19369
20674
19369
14332
17180
244
9556
2097
9558
2852
9552
3289
9557
1661
9551
834
9555
221
108
9553
2343
2344
2345
2346
2347
2348
2349
2350
9554
20559
11128
12187
13882
12239
9902
10373
26468
9297
5308
10443
9807
9834
20630
11252
37820
28071
7884
10556
13765
1685
15554
13772
1686
34732
12932
20047
2861
12509
20494
20546
13372
35247
10067
19672
204
21522
223
21603
2688
20912
21530
2568
434
21891
863
1155
1872
9746
35304
5225
27827
14609
3726
13102
19591
24156
25286
20028
16885
17707
5325
7875
7889
6852
4300
5160
604
420
22566
19450
517
518
961
19467
959
419
54
19466
17426
5660
436
486
955
958
485
957
4358
4356
16259
956
960
55
2060
1267
1077
1076
288
11752
9608
9663
10882
11639
8715
9829
8771
9488
10041
17134
2414
831
15551
16435
7477
4282
8129
7838
8395
1311
11283
19393
13664
10806
11440
5713
13821
8183
13820
19959
19973
19976
11097
10662
10002
12753
6582
1251
1252
832
234
15948
2885
3261
5988
6050
12747
13486
18328
2565
1152
8778
169
3055
17973
964
1557
10148
2865
3687
10745
1751
1605
2892
696
2060
3268
33781
33782
33783
33784
11323
601
792
84
121
9909
6087
1831
2040
2276
512
2148
768
10007
42
174
10775
1952
345
1188
209
12122
175
1359
5449
5439
5440
5441
5442
5443
5444
5445
5446
5447
5448
16720
5460
5450
5451
5452
5453
5454
5455
5456
5457
5458
5459
1290
15995
20219
5466
5461
5462
5463
5464
5465
15694
5482
5473
5474
5475
5476
5477
5478
5479
5480
5481
2145
8810
16832
7037
2853
8816
15010
1565
8818
4057
4058
5542
21953
8938
5494
5495
5496
5497
5498
5499
5501
5502
5503
5504
5505
5507
6308
3506
12847
5517
5518
5519
5520
5521
5522
5523
5524
5525
5526
5527
5528
5529
13054
21315
3674
14034
3048
13215
9415
16196
13752
13305
7672
7673
7674
7675
7676
7677
7678
7679
7680
7681
7682
7683
7684
7815
13375
8745
63
6480
1377
82
14813
966
3696
13227
4792
1396
903
3429
4364
13183
7061
17546
2874
2875
1631
2573
7987
19070
7060
2942
7715
7716
7717
7718
7719
7720
7721
7722
7723
7724
7725
7726
7727
848
7387
15769
3139
7853
13975
16100
1366
9756
9757
9758
9759
9760
9761
5584
5585
5586
5587
5561
5562
5563
5564
5565
5566
5567
5568
5569
5570
5571
19398
1848
2866
9959
7154
7155
7156
7157
7158
7159
7160
7161
7162
1837
26252
8611
6952
6953
8679
5754
13243
2041
5274
1939
2079
6406
6407
4596
1606
1860
15493
12396
12396
12397
21298
16654
12259
6437
5750
5750
5750
5750
6471
1257
13951
1896
5708
5075
4931
1259
13952
1461
9785
5959
9377
17221
11082
6939
6940
6941
965
1910
2609
18997
13947
13948
13949
13950
11413
12449
840
9504
19977
471
1550
15651
2511
9530
7624
7635
7626
7627
7628
7629
7630
7318
17403
18349
13404
1460
7023
7024
7025
16828
13567
18357
18028
17597
6942
6943
6944
4085
2034
4964
4965
4966
5998
864
421
589
2160
10743
4558
9522
18833
19714
940
8123
2516
2590
5353
5354
5355
5999
917
9732
17879
17880
6428
9845
7974
7472
98
5757
7005
7079
13819
1921
5148
15868
20729
7435
8651
20207
2600
17949
17950
17951
30457
30486
20749
10581
1644
8623
14313
11656
322
17849
17850
17851
17852
17853
135
599
10558
145
8227
4074
8374
3760
5897
4435
4436
4437
4438
4439
4440
4441
4442
4443
73
463
2805
7737
7738
7739
7740
7741
7742
7743
7744
7745
7746
7747
7748
7749
120
507
9672
2145
1565
7037
13215
13305
13375
12847
13054
965
7684
7672
7673
7674
7675
7676
7677
7678
7679
7680
7681
7682
7683
7815
8745
6661
6490
1377
82
4792
903
4364
3429
7061
19070
7060
7727
7715
7716
7717
7718
7719
7720
7721
7722
7723
7724
7725
7726
848
2866
9959
1837
8611
7154
7155
7156
7157
7158
7159
7160
7161
7162
1606
1860
11574
5950
15493
21298
6437
9785
11082
6941
6939
6940
840
9504
17403
7318
13404
7025
7023
7024
16828
2034
4964
4965
4966
5998
864
421
589
917
9732
17879
17880
20729
8651
14313
7684
7672
7673
7674
7675
7676
7677
7678
7679
7680
7681
7682
7683
6661
6490
1377
82
3696
13227
6086
18387
4364
13183
2942
7727
7715
7716
7717
7718
7719
7720
7721
7722
7723
7724
7725
7726
7387
15769
9959
1837
8611
7154
7155
7156
7157
7158
7159
7160
7161
7162
1606
1860
4596
11574
5950
16654
9785
6941
6939
6940
840
12449
17403
13404
2034
4964
4965
4966
5998
864
421
589
917
9732
17879
17880
14154
375
23172
11074
16726
10897
11438
8492
14107
10053
10002
10662
10542
209
20387
8486
9629
5200
7849
10007
31469
389
25016
18089
18233
20034
14317
14168
2147
2148
2149
2150
2151
14082
12562
6087
14833
42
43
345
6534
19797
10150
3781
3095
1188
2520
17144
27284
25129
30689
24197
26853
28459
35304
36703
2618
3169
6995
18881
33623
35302
33432
34171
35374
14667
25919
6840
21157
22495
30411
6438
20026
23024
24259
28327
32274
22537
13784
14684
7976
4729
29425
22689
29560
1026
21517
26388
30190
9443
9444
9445
9446
9447
9448
9449
9450
3425
12386
18091
7833
7251
34721
32285
33261
37324
308
8204
2183
4020
23449
8457
11504
4781
6340
4064
4682
20633
982
13646
13649
13648
13650
20113
13647
20352
13872
22145
5803
24313
40127
11138
21427
33391
31884
8220
30131
23783
13993
15758
7471
8164
10554
7423
10586
6753
2607
6768
7028
6984
6985
6980
6879
6877
6927
7423
8178
7464
6880
2233
8176
8931
3756
4075
20533
6683
6837
3829
20532
8713
7230
2005
6955
2042
7050
6836
6684
7298
8190
18464
18465
18734
18776
19323
19324
19325
24432
24433
24434
40320
33824
29022
36529
37166
42400
43355
38586
34676
38683
35874
37882
39160
39707
38146
36177
35027
33918
972
1989
24018
22495
22518
23338
24258
24754
16
5143
4082
6425
6488
5099
5233
11501
5405
6379
13135
6017
5076
5062
768
611
558
559
560
78
6532
2020
8768
1401
8767
90
8754
92
8755
106
8758
85
8753
219
20270
1184
1257
1259
2609
2681
2710
2759
10743
6593
2166
711
2728
3155
5228
5174
2727
5746
1724
15192
33
95
1145
2610
6539
2226
2225
236
175
215
19678
910
60
5805
2785
1752
932
1965
6548
1947
3294
84
20038
2853
848
421
42
43
14152
345
6534
19797
4558
9522
1399
2600
18857
103
3526
83
3809
8993
2488
2145
8810
16832
1013
11696
5230
8974
159
8971
35
6620
17401
36
8976
541
18093
22064
20548
174
4078
14192
10512
155
2147
2148
2149
2150
2151
583
155
564
345
974
5164
558
559
6585
10430
45858
28018
4649
84
41445
42324
6542
20038
18247
1951
23169
7401
27307
13944
86
19506
7242
7243
7244
7245
7246
7247
7248
7249
7250
35103
42
43
33662
4290
45644
19445
10002
41481
28617
29607
29390
29809
29848
29198
29768
29255
29882
29919
30691
30177
30124
30166
30452
30532
31893
31168
33016
97
201
49809
32579
28535
43048
41064
32436
30971
22239
31501
37653
29542
27392
29303
604
29618
23688
31840
30427
31547
1607
24517
23148
29623
8681
29310
29298
30307
30303
32029
29475
23868
22701
7052
7303
624
6903
14301
24277
30311
30770
30679
24382
29133
31778
32360
33850
30715
29750
32498
32801
30476
22958
32447
25776
29698
32237
32272
29271
2509
31701
26206
26332
26772
32124
30796
28063
32664
22544
41622
41624
41627
41651
20796
19726
50566
31619
28650
29060
26521
29206
29720
29142
29948
27053
30828
26191
40968
34420
22967
29466
29416
62
8748
19515
64
8749
8750
68
8751
72
1153
8766
605
8765
123
545
8757
20802
551
8763
552
8764
553
149
8759
96
8756
369
8762
29976
26856
27462
23790
20707
20988
20154
13083
23146
27968
26855
17958
32207
24977
29632
40970
31922
29625
18668
26968
32181
27595
32131
36867
22513
38287
32833
35759
32079
23147
28453
22545
30382
24180
22892
24723
23339
24779
22426
28486
22597
30283
11583
22102
32684
31767
32104
31287
23160
24101
32651
31062
24152
25567
31651
32078
26190
29139
22527
19066
25780
21094
21638
20859
20551
29059
29735
29181
22466
32665
32209
32212
24949
32344
33839
48880
31599
23103
41905
41981
19471
30234
50103
31286
32395
20212
31587
18768
24196
30199
40953
24973
32551
33790
26569
29954
30491
32127
28554
28644
28698
28767
31516
29132
41562
32522
32832
32032
30255
40964
32154
32398
29717
29202
29965
17026
8086
17028
17138
16721
19000
17027
17029
18224
17030
23928
26743
25295
27631
23651
139
8614
126
8613
33969
29794
32737
30416
8735
19964
23762
26751
32427
30189
32208
49754
29384
32905
29771
22171
27248
30214
19660
22754
21582
32162
32705
20856
50571
31262
29559
30267
29140
28933
23535
24543
29046
23831
4920
5965
5699
5703
32067
30251
24975
27588
20739
30371
22590
29749
28451
29355
31665
32637
22346
30901
29936
29994
32592
40961
32764
29989
29990
23767
23102
24187
32780
31929
37448
27110
50063
25067
41027
32054
23960
23561
24436
30742
30583
28643
23764
24005
24707
25234
24064
24054
24091
24166
30833
30337
30497
26109
30308
25028
24302
24521
32088
25713
25644
24135
30832
23534
22767
25061
30304
32953
24198
22763
30869
32347
23198
24529
23335
23563
25166
23198
30816
22332
23657
22338
24444
22342
30434
29159
28450
49693
30015
23592
23301
40992
27383
22585
23799
30322
25628
22549
18139
20147
24495
26936
27491
26883
19476
19231
31324
13423
21988
49897
32847
32486
28062
28832
24870
32317
29310
29298
30307
30303
29053
27464
29475
30348
30014
27609
23509
23426
22596
23872
29963
29204
28346
22540
22541
30019
21873
22073
22966
29471
30381
27645
28045
29488
9862
29290
30361
23210
29492
24721
30353
28647
29947
40992
10966
10002
10662
46222
46339
46534
46535
46615
46616
48866
49511
28437
42254
42209
42664
42243
42182
42236
42259
42183
32759
42188
42196
42227
30034
26955
30379
285
23337
29742
29242
22218
29328
23889
24397
30029
30259
22767
30288
24375
22332
23657
22338
22342
30434
26795
30454
26906
40993
22526
28118
26093
24221
24192
26867
26890
30062
26140
29135
29421
22560
27921
29908
29619
41714
32108
32584
31207
24161
24118
22462
24750
24567
24864
29987
23161
21627
23028
26782
21782
23379
17394
13841
29975
27665
22470
22579
23164
29662
25024
23162
29504
24104
23439
24149
42901
30408
41637
29455
23612
26174
35425
23636
20920
42987
18361
17870
29448
24035
43046
41586
17355
23791
25051
18719
23845
18172
50585
22467
50022
30004
1329
29194
26205
28518
29931
28583
29418
29432
23568
24151
50290
26941
50133
31469
30637
28953
23099
23091
24792
32828
32077
32076
24965
32735
32748
32353
32613
32676
32149
31841
30329
32134
32133
32890
27019
30386
26966
32150
32953
26968
32827
32351
50449
32820
25684
30383
23930
24122
24189
23678
28048
28543
23429
26180
24399
29889
29962
32243
30438
29578
31703
30380
30045
26989
22132
29326
29069
29401
22512
3479
765
32587
41062
29195
29209
31215
29643
29170
18257
23149
28550
24246
30044
22623
22524
29897
26882
13716
23571
28893
29308
27696
29019
19029
16921
18458
19090
20788
18846
25550
19651
19145
18817
22866
49165
22875
24276
41565
22869
23882
22882
24275
22876
49531
22867
22881
24274
24290
22997
18492
32530
25438
50332
40969
29822
24121
30252
49762
26536
29354
23308
28645
18584
19445
19478
19474
19370
19076
18137
20649
18109
20727
20728
20726
20659
19338
18105
18807
18800
19067
18861
18151
18342
18632
18949
19102
18460
18641
20121
18814
18346
18261
18855
19158
18831
22559
29503
32004
30399
31979
27756
41049
29793
24278
1250
19111
23588
24119
30468
29356
24749
23194
29940
30338
24247
29206
26741
27393
24370
30035
40954
23929
30339
23197
23669
30334
23942
29027
24150
29789
30242
29789
43038
35103
49767
29680
29601
29620
19526
19709
21092
18753
19027
18786
18520
6714
4994
7473
6468
8612
6717
14665
19731
20132
29910
41029
23591
24865
29160
29727
40991
30305
32734
30010
29299
29966
30140
30764
21897
21510
30493
30458
30728
30398
26292
24558
24395
21541
8673
6630
19141
21670
8199
18431
9194
26956
24927
24966
26843
43041
28156
33871
23159
28438
29196
28031
31736
28976
28515
28516
33854
9055
9056
29446
29458
29876
32040
29487
29445
32346
29525
32041
20919
29509
29548
29579
32339
29168
31716
28954
28894
30405
32562
25035
25627
25713
50441
25629
27444
28215
27013
22216
22218
32026
25086
29193
30885
28119
28030
26168
29457
29702
49525
20898
49462
22754
20857
20869
21051
21647
49651
20782
32706
22629
23104
31686
29138
31644
49838
29791
31648
31664
31626
31583
28892
32688
23599
18602
20519
23884
23931
50406
19963
28922
29272
49901
22176
29038
29437
41084
29535
31364
24791
32303
31956
27492
28646
28608
31038
27730
43235
24566
49826
26010
23408
26761
24955
21568
24913
23153
26966
29790
29317
23872
30330
32574
24655
19174
23185
29146
25713
30437
27797
30002
22589
22110
29205
29599
20000
6538
5097
5095
5096
11205
11393
14287
16457
4717
799
38674
8986
83
19362
19513
18857
3748
8983
12901
1268
8993
22580
10349
1353
8984
164
2488
6538
4791
28883
22154
29321
29408
21279
30240
24380
22227
23920
24958
30086
28047
32906
33842
31355
32903
29389
24282
50561
22897
23731
22895
22893
22301
22890
22538
28111
29832
27143
28628
26917
11870
456
1013
8972
11696
159
8971
12750
27365
35
6620
1743
36
8976
775
8978
12163
1059
8968
25862
26967
29149
29410
27089
30474
24418
27019
24392
29240
50138
32563
32683
32696
49779
32359
31948
26066
29177
29283
42111
30063
20553
24928
30170
22226
30475
29309
28705
20838
29293
29118
29353
42914
25078
23443
28924
23232
26957
29190
29322
12281
12797
1987
12884
12919
12791
4082
6488
5099
11501
13135
1204
12495
9267
1723
1206
1740
938
12139
13670
1299
1908
538
8537
14542
12192
15625
1014
12663
19166
14334
1907
16871
12570
14486
2063
14456
9925
10324
10066
9791
12436
10601
9867
11880
1897
11093
10886
9903
4975
4984
20104
20223
1261
4552
1881
15673
502
10201
1262
2057
9932
1095
1027
3457
13937
5067
385
1300
6537
15580
1239
12225
2070
4684
2066
1882
19246
18660
19695
1312
1371
19928
20126
4922
2546
9905
23624
20840
1809
1390
1298
