18581
14831
5977
9990
296
399
23108
5747
530
462
6461
21632
19592
1573
14964
22565
5674
5833
6162
10729
12823
528
13803
5868
11111
293
659
671
5348
20689
12741
10724
5417
24013
4660
5778
5993
22521
20432
5623
22669
5673
15760
14876
15055
3653
5207
15285
14890
22464
11961
11311
9745
14891
6094
1078
12532
11881
3811
18774
7862
15767
15852
17677
19477
21715
21716
23370
21717
21718
21748
15348
23371
21719
23372
21823
23267
21720
23262
21721
7124
646
21725
21710
21726
21727
10929
21728
21729
23373
21730
23492
23380
21202
21731
21735
21732
23505
23263
21737
23384
21733
15689
21734
22980
21736
23389
21757
21758
21738
21739
21705
21740
21741
21742
21743
21744
21695
21745
21746
15124
23377
21747
23274
21749
21750
13290
21751
21752
21753
21754
24086
21756
21691
21692
21693
21694
21714
21697
21696
21698
21699
23385
21701
21702
21703
21704
23272
23271
23381
21706
23493
21707
21708
21709
11602
21711
23388
21712
6357
21713
22245
23292
19988
19025
14606
20515
20791
15343
21681
20910
20730
20163
18019
7820
18505
21656
21687
20340
5696
21626
21125
11978
14647
11337
7493
7506
5828
16805
21652
16855
7882
11151
6906
16869
24097
16472
20223
7346
22224
7060
20729
7037
7006
19070
13354
7318
8679
6953
6952
19398
8576
8155
17403
21986
3674
20031
8411
21979
21614
11565
24244
11609
21788
4792
8670
18349
3785
7071
11058
18357
4932
17546
5075
7061
20091
14313
21242
6472
18356
17436
7229
20092
3429
7870
8732
20641
18813
7070
8859
19206
20207
7831
12308
7334
18833
19714
18868
19154
2805
8651
17766
4931
8745
9613
5128
22060
20043
19136
20307
21797
23625
6899
21942
19761
6142
15778
7231
17506
22164
15149
18666
15839
23022
20071
4989
9986
18968
21275
3536
17314
20606
836
1874
837
770
794
15540
15002
21901
22433
23773
24124
24283
18803
24252
6572
19473
14762
18617
15920
484
14595
18816
18579
18678
18264
23758
23351
13604
21236
21237
21238
10682
21239
15764
21240
21241
23129
20651
21846
10340
21913
19140
20081
3499
2788
22787
10027
20730
18019
7820
24025
18505
21656
21687
146
19514
137
23964
21594
23763
5141
20354
10317
12083
21312
20472
15344
17811
4940
11718
22307
1480
21452
23644
19855
15839
21035
21039
21037
20991
21036
21137
21044
17636
21894
5780
15795
22163
23286
14772
21118
21102
22183
6444
157
19782
6879
6877
7423
10586
8178
6984
6985
6980
6927
